params builtin
params blobby cellBlob=3.2 density=0.6
params rough cellRough=0.6 cellFractalDim=1.8 cellBlob=2.5 cytoRelaxUm=0.4
params norot allowPackRotation=0 packFrac=0.9 relaxIters=40
params dense density=0.9 chunkSize=20 jitter=1 cellElongMin=0.3
params mtsparse mtDensity=0.03 mtMinSeparation=0.25 mtStartDecayPct=4
params mtvar mtDensity=0.3 mtStepLen=0.1 cellBlob=2.5 mtDirKappa=6 mtEndDecayPct=5 mtWobbleTurn=1.6 mtSmoothLen=4 nucMargin=1.2 cytoMaxSlope=0.5 cytoDomeSlope=1.5 mtMaxZSlope=2
params mtflat mtDensity=0.1 mtWobbleTurn=0 mtMinTurnRadius=0 mtSmoothLen=0 cytoRelaxUm=0 cellRough=0 cytoMaxSlope=0 cytoDomeSlope=0 cytoRings=20 cytoTheta=48 mtMinSeparation=0.3
params nucplain nucIrregMin=0 nucIrregMax=0 nucBendMin=0 nucBendMax=0 nucThickIrreg=0 nucAsym=0 nucWidestMin=0.5 nucWidestMax=0.5 mtDensity=0.1
params nucwild nucIrregMin=0.3 nucIrregMax=0.3 nucBendMin=1 nucBendMax=1 nucSmooth=0 nucThickIrreg=0.4 nucAsym=-0.9 nucWidestMin=1 nucWidestMax=1 nucHeightMin=0.4 nucHeightMax=0.4 mtDensity=0.1 mtDirKappa=0
rng 0 0 0 0
rng 0 0 0 1
rng 0 0 0 44
rng 0 0 0 8000000
rng 0 0 0 4294967295
rng 0 0 0 38912000017
rng 0 1 -1 0
rng 0 1 -1 1
rng 0 1 -1 44
rng 0 1 -1 8000000
rng 0 1 -1 4294967295
rng 0 1 -1 38912000017
rng 0 -1 1 0
rng 0 -1 1 1
rng 0 -1 1 44
rng 0 -1 1 8000000
rng 0 -1 1 4294967295
rng 0 -1 1 38912000017
rng 0 -123456 123456 0
rng 0 -123456 123456 1
rng 0 -123456 123456 44
rng 0 -123456 123456 8000000
rng 0 -123456 123456 4294967295
rng 0 -123456 123456 38912000017
rng 0 2147483647 -2147483647 0
rng 0 2147483647 -2147483647 1
rng 0 2147483647 -2147483647 44
rng 0 2147483647 -2147483647 8000000
rng 0 2147483647 -2147483647 4294967295
rng 0 2147483647 -2147483647 38912000017
rng 0 -2147483648 2147483648 0
rng 0 -2147483648 2147483648 1
rng 0 -2147483648 2147483648 44
rng 0 -2147483648 2147483648 8000000
rng 0 -2147483648 2147483648 4294967295
rng 0 -2147483648 2147483648 38912000017
rng 0 5000000000 -5000000000 0
rng 0 5000000000 -5000000000 1
rng 0 5000000000 -5000000000 44
rng 0 5000000000 -5000000000 8000000
rng 0 5000000000 -5000000000 4294967295
rng 0 5000000000 -5000000000 38912000017
rng 1249 0 0 0
rng 1249 0 0 1
rng 1249 0 0 44
rng 1249 0 0 8000000
rng 1249 0 0 4294967295
rng 1249 0 0 38912000017
rng 1249 1 -1 0
rng 1249 1 -1 1
rng 1249 1 -1 44
rng 1249 1 -1 8000000
rng 1249 1 -1 4294967295
rng 1249 1 -1 38912000017
rng 1249 -1 1 0
rng 1249 -1 1 1
rng 1249 -1 1 44
rng 1249 -1 1 8000000
rng 1249 -1 1 4294967295
rng 1249 -1 1 38912000017
rng 1249 -123456 123456 0
rng 1249 -123456 123456 1
rng 1249 -123456 123456 44
rng 1249 -123456 123456 8000000
rng 1249 -123456 123456 4294967295
rng 1249 -123456 123456 38912000017
rng 1249 2147483647 -2147483647 0
rng 1249 2147483647 -2147483647 1
rng 1249 2147483647 -2147483647 44
rng 1249 2147483647 -2147483647 8000000
rng 1249 2147483647 -2147483647 4294967295
rng 1249 2147483647 -2147483647 38912000017
rng 1249 -2147483648 2147483648 0
rng 1249 -2147483648 2147483648 1
rng 1249 -2147483648 2147483648 44
rng 1249 -2147483648 2147483648 8000000
rng 1249 -2147483648 2147483648 4294967295
rng 1249 -2147483648 2147483648 38912000017
rng 1249 5000000000 -5000000000 0
rng 1249 5000000000 -5000000000 1
rng 1249 5000000000 -5000000000 44
rng 1249 5000000000 -5000000000 8000000
rng 1249 5000000000 -5000000000 4294967295
rng 1249 5000000000 -5000000000 38912000017
rng -1 0 0 0
rng -1 0 0 1
rng -1 0 0 44
rng -1 0 0 8000000
rng -1 0 0 4294967295
rng -1 0 0 38912000017
rng -1 1 -1 0
rng -1 1 -1 1
rng -1 1 -1 44
rng -1 1 -1 8000000
rng -1 1 -1 4294967295
rng -1 1 -1 38912000017
rng -1 -1 1 0
rng -1 -1 1 1
rng -1 -1 1 44
rng -1 -1 1 8000000
rng -1 -1 1 4294967295
rng -1 -1 1 38912000017
rng -1 -123456 123456 0
rng -1 -123456 123456 1
rng -1 -123456 123456 44
rng -1 -123456 123456 8000000
rng -1 -123456 123456 4294967295
rng -1 -123456 123456 38912000017
rng -1 2147483647 -2147483647 0
rng -1 2147483647 -2147483647 1
rng -1 2147483647 -2147483647 44
rng -1 2147483647 -2147483647 8000000
rng -1 2147483647 -2147483647 4294967295
rng -1 2147483647 -2147483647 38912000017
rng -1 -2147483648 2147483648 0
rng -1 -2147483648 2147483648 1
rng -1 -2147483648 2147483648 44
rng -1 -2147483648 2147483648 8000000
rng -1 -2147483648 2147483648 4294967295
rng -1 -2147483648 2147483648 38912000017
rng -1 5000000000 -5000000000 0
rng -1 5000000000 -5000000000 1
rng -1 5000000000 -5000000000 44
rng -1 5000000000 -5000000000 8000000
rng -1 5000000000 -5000000000 4294967295
rng -1 5000000000 -5000000000 38912000017
rng 2147483647 0 0 0
rng 2147483647 0 0 1
rng 2147483647 0 0 44
rng 2147483647 0 0 8000000
rng 2147483647 0 0 4294967295
rng 2147483647 0 0 38912000017
rng 2147483647 1 -1 0
rng 2147483647 1 -1 1
rng 2147483647 1 -1 44
rng 2147483647 1 -1 8000000
rng 2147483647 1 -1 4294967295
rng 2147483647 1 -1 38912000017
rng 2147483647 -1 1 0
rng 2147483647 -1 1 1
rng 2147483647 -1 1 44
rng 2147483647 -1 1 8000000
rng 2147483647 -1 1 4294967295
rng 2147483647 -1 1 38912000017
rng 2147483647 -123456 123456 0
rng 2147483647 -123456 123456 1
rng 2147483647 -123456 123456 44
rng 2147483647 -123456 123456 8000000
rng 2147483647 -123456 123456 4294967295
rng 2147483647 -123456 123456 38912000017
rng 2147483647 2147483647 -2147483647 0
rng 2147483647 2147483647 -2147483647 1
rng 2147483647 2147483647 -2147483647 44
rng 2147483647 2147483647 -2147483647 8000000
rng 2147483647 2147483647 -2147483647 4294967295
rng 2147483647 2147483647 -2147483647 38912000017
rng 2147483647 -2147483648 2147483648 0
rng 2147483647 -2147483648 2147483648 1
rng 2147483647 -2147483648 2147483648 44
rng 2147483647 -2147483648 2147483648 8000000
rng 2147483647 -2147483648 2147483648 4294967295
rng 2147483647 -2147483648 2147483648 38912000017
rng 2147483647 5000000000 -5000000000 0
rng 2147483647 5000000000 -5000000000 1
rng 2147483647 5000000000 -5000000000 44
rng 2147483647 5000000000 -5000000000 8000000
rng 2147483647 5000000000 -5000000000 4294967295
rng 2147483647 5000000000 -5000000000 38912000017
rng -2147483648 0 0 0
rng -2147483648 0 0 1
rng -2147483648 0 0 44
rng -2147483648 0 0 8000000
rng -2147483648 0 0 4294967295
rng -2147483648 0 0 38912000017
rng -2147483648 1 -1 0
rng -2147483648 1 -1 1
rng -2147483648 1 -1 44
rng -2147483648 1 -1 8000000
rng -2147483648 1 -1 4294967295
rng -2147483648 1 -1 38912000017
rng -2147483648 -1 1 0
rng -2147483648 -1 1 1
rng -2147483648 -1 1 44
rng -2147483648 -1 1 8000000
rng -2147483648 -1 1 4294967295
rng -2147483648 -1 1 38912000017
rng -2147483648 -123456 123456 0
rng -2147483648 -123456 123456 1
rng -2147483648 -123456 123456 44
rng -2147483648 -123456 123456 8000000
rng -2147483648 -123456 123456 4294967295
rng -2147483648 -123456 123456 38912000017
rng -2147483648 2147483647 -2147483647 0
rng -2147483648 2147483647 -2147483647 1
rng -2147483648 2147483647 -2147483647 44
rng -2147483648 2147483647 -2147483647 8000000
rng -2147483648 2147483647 -2147483647 4294967295
rng -2147483648 2147483647 -2147483647 38912000017
rng -2147483648 -2147483648 2147483648 0
rng -2147483648 -2147483648 2147483648 1
rng -2147483648 -2147483648 2147483648 44
rng -2147483648 -2147483648 2147483648 8000000
rng -2147483648 -2147483648 2147483648 4294967295
rng -2147483648 -2147483648 2147483648 38912000017
rng -2147483648 5000000000 -5000000000 0
rng -2147483648 5000000000 -5000000000 1
rng -2147483648 5000000000 -5000000000 44
rng -2147483648 5000000000 -5000000000 8000000
rng -2147483648 5000000000 -5000000000 4294967295
rng -2147483648 5000000000 -5000000000 38912000017
rng 4294967295 0 0 0
rng 4294967295 0 0 1
rng 4294967295 0 0 44
rng 4294967295 0 0 8000000
rng 4294967295 0 0 4294967295
rng 4294967295 0 0 38912000017
rng 4294967295 1 -1 0
rng 4294967295 1 -1 1
rng 4294967295 1 -1 44
rng 4294967295 1 -1 8000000
rng 4294967295 1 -1 4294967295
rng 4294967295 1 -1 38912000017
rng 4294967295 -1 1 0
rng 4294967295 -1 1 1
rng 4294967295 -1 1 44
rng 4294967295 -1 1 8000000
rng 4294967295 -1 1 4294967295
rng 4294967295 -1 1 38912000017
rng 4294967295 -123456 123456 0
rng 4294967295 -123456 123456 1
rng 4294967295 -123456 123456 44
rng 4294967295 -123456 123456 8000000
rng 4294967295 -123456 123456 4294967295
rng 4294967295 -123456 123456 38912000017
rng 4294967295 2147483647 -2147483647 0
rng 4294967295 2147483647 -2147483647 1
rng 4294967295 2147483647 -2147483647 44
rng 4294967295 2147483647 -2147483647 8000000
rng 4294967295 2147483647 -2147483647 4294967295
rng 4294967295 2147483647 -2147483647 38912000017
rng 4294967295 -2147483648 2147483648 0
rng 4294967295 -2147483648 2147483648 1
rng 4294967295 -2147483648 2147483648 44
rng 4294967295 -2147483648 2147483648 8000000
rng 4294967295 -2147483648 2147483648 4294967295
rng 4294967295 -2147483648 2147483648 38912000017
rng 4294967295 5000000000 -5000000000 0
rng 4294967295 5000000000 -5000000000 1
rng 4294967295 5000000000 -5000000000 44
rng 4294967295 5000000000 -5000000000 8000000
rng 4294967295 5000000000 -5000000000 4294967295
rng 4294967295 5000000000 -5000000000 38912000017
stream 1249 -3 5 1000 20
stream 1249 -3 5 100000 20
stream 1249 -3 5 8000000 20
stream 1249 -3 5 9500000 20
math 2000
case c00 1249 builtin -10 -9 3 4
case c01 -7 builtin -4 -4 9 9
case c02 1223589758 builtin -4 -10 9 3
case c03 545426539 builtin -4 -7 9 6
case c04 1488735225 builtin -4 -10 9 3
case c05 1844227089 builtin -9 -6 4 7
case c06 1799193401 builtin -6 -10 7 3
case c07 766514201 builtin -5 -6 8 7
case c08 1672931561 builtin -10 -8 3 5
case c09 2109484524 builtin -4 -8 9 5
case c10 1558121767 builtin 258 589 271 602
case c11 982722679 builtin 502 740 515 753
case c12 502039864 builtin -470 -143 -457 -130
case c13 1367803850 builtin -477 582 -464 595
case c14 1145583197 builtin 36 958 49 971
case c15 276404678 builtin 63 498 76 511
case c16 902140274 builtin -442 -513 -429 -500
case c17 1019724228 builtin -345 806 -332 819
case c18 761933244 builtin 476 -5 489 8
case c19 1247370176 builtin 376 731 389 744
case c20 2080255476 builtin 466 267 479 280
case c21 2129481880 builtin -498 62 -485 75
case c22 1819607767 builtin 884 -614 897 -601
case c23 450471131 builtin -642 -476 -629 -463
case c24 640493375 builtin 945 -644 958 -631
case c25 1178316163 builtin -779 241 -766 254
case c26 1845531206 builtin -333 470 -320 483
case c27 1696361579 builtin 260 87 273 100
case c28 1608874881 builtin -246 -938 -233 -925
case c29 1679816790 builtin -840 -624 -827 -611
case c30 1409205682 builtin -16239625 28102102 -16239612 28102115
case c31 1674311658 builtin -8230116 4365621 -8230103 4365634
case c32 1625996182 builtin 32258684 46878156 32258697 46878169
case c33 1158550459 builtin 26369227 34873601 26369240 34873614
case c34 1457137433 builtin -20305312 26495169 -20305299 26495182
case c35 1723380553 blobby -47625043 44235980 -47625030 44235993
case c36 1229968597 blobby 8701031 -24841067 8701044 -24841054
case c37 1351486968 blobby 19461844 -41203372 19461857 -41203359
case c38 540954773 blobby -21635322 5572112 -21635309 5572125
case c39 1514594687 blobby 11662112 2295602 11662125 2295615
case c40 1170588644 norot 18464145 14774584 18464158 14774597
case c41 784153428 norot 41729039 14464821 41729052 14464834
case c42 1200784187 norot 15987117 -11796130 15987130 -11796117
case c43 1804754661 norot -15031815 -21672345 -15031802 -21672332
case c44 1495391106 norot -15115827 19259697 -15115814 19259710
case c45 1643329469 dense -19087463 21995644 -19087450 21995657
case c46 1893191519 dense -33980822 13464164 -33980809 13464177
case c47 620123454 dense -4442300 -42198612 -4442287 -42198599
case c48 16760380 dense 7775418 -19982118 7775431 -19982105
case c49 1044628398 dense -47529760 -16061101 -47529747 -16061088
cells m00 1249 builtin -2 -2 1 1 2
cells m01 -7 mtsparse -3 -3 3 3 4
cells m02 90210 mtvar 400 -800 403 -797 2
cells m03 5 mtflat -1000000 1000000 -999997 1000003 2
cells m04 424242 mtsparse 12 12 20 20 3
cells m05 77 rough -4 -4 0 0 2
cells m06 2024 nucplain -2 -2 2 2 2
cells m07 9001 nucwild -2 -2 2 2 2
case n00 4711 nucwild -6 -6 7 7
case r00 31337 rough -6 -6 7 7
